5 2
79 91
125 2
76 230
18 20
137 217
228 119
0 242
33 53
61 37
112 136
9 193
99 41
130 207
117 102
110 61
73 86
206 151
134 57
223 67
51 123
175 38
61 90
239 71
170 175
48 157
166 10
136 158
48 194
150 211
40 64
153 152
47 241
75 156
168 133
202 121
145 85
63 34
107 138
59 5
195 154
201 31
95 113
159 152
201 96
234 149
155 94
12 164
178 69
74 72
63 87
125 2
47 146
175 81
192 48
59 185
191 81
141 2
220 97
20 224
0 241
84 226
121 6
17 88
106 192
16 229
46 142
61 81
117 82
57 77
8 207
236 27
88 32
14 55
191 166
188 34
141 27
150 65
127 20
139 174
117 8
53 200
54 118
90 242
118 22
122 96
169 204
22 154
164 213
103 63
217 79
98 147
203 21
46 13
115 46
134 152
43 129
243 152
52 5
153 42
126 1
