2 1
79 91
125 2
76 230
18 20
137 217
228 119
0 242
33 53
61 37
112 136
9 193
99 41
130 207
117 102
110 61
73 86
206 151
134 57
223 67
51 123
175 38
61 90
239 71
170 175
48 157
166 10
136 158
48 194
150 211
40 64
153 152
47 241
75 156
168 133
202 121
145 85
63 34
107 138
59 5
195 154
201 31
95 113
159 152
201 96
234 149
155 94
12 164
178 69
74 72
63 87
125 2
47 146
175 81
192 48
59 185
191 81
141 2
220 97
20 224
0 241
84 226
121 6
17 88
106 192
16 229
46 142
61 81
117 82
57 77
8 207
236 27
88 32
14 55
191 166
188 34
141 27
150 65
127 20
139 174
117 8
53 200
54 118
90 242
118 22
122 96
169 204
22 154
164 213
103 63
217 79
98 147
203 21
46 13
115 46
134 152
43 129
243 152
52 5
153 42
126 1
140 68
192 33
55 35
167 121
93 97
35 104
236 69
204 235
67 51
151 104
245 240
105 67
178 165
192 217
136 116
164 202
179 27
193 201
73 119
170 229
81 204
207 160
14 232
159 69
120 80
48 143
81 105
81 137
201 232
65 205
5 78
31 133
184 226
3 141
237 63
26 62
20 153
84 48
182 90
16 56
238 99
242 179
40 117
206 83
57 103
15 157
113 123
245 158
39 42
11 220
238 242
216 228
122 9
136 110
177 33
23 224
110 54
23 91
170 96
33 69
233 71
58 88
145 143
195 116
219 93
183 160
226 38
223 15
128 112
57 156
187 26
78 196
157 243
17 110
215 98
228 184
141 153
147 139
29 150
139 205
151 21
213 173
177 99
189 231
144 13
8 43
90 158
56 168
3 127
9 124
0 21
232 25
182 130
135 122
53 116
52 136
68 49
140 124
13 58
18 127
55 220
132 85
50 157
87 92
222 47
186 133
218 168
204 134
72 201
30 200
8 123
8 35
243 159
149 234
184 146
53 207
38 143
68 63
4 209
172 48
126 237
7 61
30 42
236 23
63 11
74 110
101 242
167 147
224 14
95 63
125 123
140 209
17 21
128 86
3 34
191 59
206 181
209 28
121 229
1 233
46 134
238 116
54 34
36 66
58 17
60 211
128 183
129 116
95 61
118 99
113 33
84 16
38 33
197 40
31 155
28 157
91 1
161 53
22 152
50 115
216 221
19 121
49 120
162 172
123 227
202 70
47 75
55 108
57 31
203 99
210 86
203 136
101 57
98 214
18 58
123 182
94 45
180 122
225 182
124 82
166 169
173 237
194 226
21 192
112 221
132 191
168 244
4 38
189 207
104 51
43 144
36 238
157 39
19 174
81 230
212 75
65 229
171 51
213 37
189 166
181 57
41 23
70 53
36 231
122 169
38 80
89 236
2 199
131 208
35 64
7 69
99 111
212 158
9 200
66 135
211 101
59 36
237 223
5 131
99 172
88 143
80 159
113 73
155 47
128 79
119 52
234 218
73 176
24 31
28 245
169 196
41 103
223 18
133 69
66 38
64 131
159 2
119 23
99 2
130 27
91 236
187 100
54 67
145 72
43 35
38 10
229 206
152 160
70 71
233 128
55 160
161 67
165 138
160 189
134 232
33 185
43 213
77 19
82 206
139 217
215 140
100 191
233 159
22 207
216 47
36 131
159 116
173 172
126 115
222 178
88 8
148 177
93 43
75 44
35 16
167 43
83 2
70 150
224 157
135 195
224 200
43 210
57 89
14 72
71 62
67 14
238 178
198 40
136 42
18 95
125 147
33 185
57 41
201 32
144 171
235 73
191 164
105 87
155 92
168 39
34 166
93 229
207 138
203 15
2 230
9 48
104 64
118 106
134 88
84 240
123 63
208 107
81 82
4 33
2 167
1 39
55 183
171 213
200 228
109 140
100 58
157 234
186 76
166 18
223 209
126 80
48 195
6 19
73 153
24 227
168 66
46 72
211 63
40 12
103 224
227 196
241 28
194 243
9 225
101 112
159 115
115 80
161 159
25 80
87 225
22 140
97 121
122 2
120 7
68 143
228 245
44 82
190 37
233 108
217 152
69 195
38 6
164 240
234 93
198 41
164 169
46 99
234 78
186 130
116 124
85 148
95 106
125 155
36 161
74 124
53 38
198 9
171 53
227 140
131 223
71 239
136 10
0 210
49 22
50 211
99 100
77 64
27 167
124 71
244 173
193 13
185 29
190 160
165 109
152 154
28 116
69 57
163 66
68 193
52 215
136 85
135 136
45 99
24 132
164 183
240 196
234 232
222 209
27 143
122 72
37 217
225 194
31 2
144 227
202 132
152 154
17 93
118 233
160 46
81 184
50 36
124 84
80 68
218 117
51 109
205 235
48 113
11 222
84 162
144 165
172 136
27 30
203 71
141 154
240 41
85 213
162 27
107 62
205 16
118 90
212 86
192 219
151 192
236 77
173 168
87 126
214 90
191 214
12 171
126 20
193 14
137 67
141 148
44 120
93 109
205 46
23 20
126 208
130 132
49 42
105 120
167 89
120 245
205 233
82 219
2 153
190 69
129 111
165 15
175 142
184 210
42 113
103 206
244 143
238 206
14 196
3 152
110 148
153 94
184 197
168 45
68 171
112 186
104 40
170 162
63 190
142 73
202 131
85 60
181 105
121 86
187 23
211 3
151 40
166 214
218 52
20 127
53 40
89 223
8 42
27 205
170 227
223 84
58 123
194 193
29 231
127 68
162 195
200 89
74 201
185 22
135 236
243 241
19 185
129 17
170 129
1 118
13 135
230 48
157 106
28 107
85 230
189 2
119 198
78 24
146 69
172 85
4 1
75 19
103 142
14 44
81 171
190 116
135 234
8 188
83 165
233 222
176 20
207 118
131 32
4 225
205 4
122 124
55 71
68 207
34 7
244 64
63 205
218 170
76 19
107 181
165 132
83 40
31 187
3 111
200 130
242 79
209 17
56 78
98 18
220 108
231 189
167 231
117 37
121 169
226 70
215 157
108 121
168 117
86 121
74 89
76 213
140 152
7 201
178 106
159 150
164 217
199 195
170 52
202 174
101 148
137 158
85 103
202 176
138 88
226 165
59 76
18 211
189 30
130 189
242 145
239 26
43 171
97 55
69 50
76 214
210 187
134 49
49 212
18 157
118 158
153 116
32 160
74 19
232 123
113 118
230 94
193 129
157 240
197 152
165 164
22 92
244 203
173 199
50 235
130 89
71 55
126 131
156 175
41 56
203 243
122 187
85 131
104 22
180 169
63 112
28 69
119 95
9 145
12 107
80 211
64 140
7 170
230 81
240 116
195 229
240 221
34 35
52 192
98 202
19 152
85 168
10 150
199 207
223 127
47 74
172 161
77 207
189 240
169 168
31 167
224 100
104 117
67 50
167 166
164 31
100 57
6 68
212 225
143 63
88 73
188 26
167 163
4 48
63 37
108 165
128 85
225 215
135 200
98 35
175 28
218 42
9 75
172 54
51 151
49 84
226 113
38 225
176 115
244 49
143 160
94 194
144 181
147 66
213 2
55 122
189 228
18 1
119 43
106 237
12 65
113 196
70 219
152 126
10 143
111 151
145 58
39 207
58 39
61 49
104 68
227 84
149 67
131 211
148 174
210 202
64 153
15 203
128 202
160 97
238 35
157 50
154 29
86 7
131 161
214 151
47 35
208 233
83 184
99 194
102 125
179 157
88 169
235 118
62 104
219 7
72 161
138 170
137 96
181 196
16 138
222 42
186 62
211 175
145 103
4 138
172 225
11 117
224 180
103 86
113 127
175 209
194 219
23 149
205 81
93 53
215 106
10 206
31 87
194 104
103 56
104 69
103 139
101 95
153 78
113 124
110 186
216 79
23 67
49 183
175 141
96 110
118 16
35 139
207 164
21 45
95 44
5 180
196 96
199 136
116 36
37 59
82 26
135 243
145 115
117 30
166 52
215 111
224 119
167 123
45 215
76 213
88 161
3 145
197 192
70 176
21 2
232 187
99 169
241 53
77 3
12 118
117 118
160 237
47 16
85 36
214 244
197 65
21 56
56 38
8 77
110 64
50 40
223 18
140 224
145 93
210 206
28 72
106 215
56 188
182 161
133 78
45 221
21 101
143 183
215 235
232 176
191 192
147 130
220 30
94 199
77 182
217 148
206 182
54 238
146 157
199 184
181 161
61 146
47 82
128 155
237 8
32 208
112 138
23 77
113 57
49 189
190 82
51 139
24 173
168 224
54 116
167 205
21 13
225 98
32 184
197 21
65 17
32 230
112 228
22 145
104 110
141 132
191 236
54 156
171 81
39 132
192 72
137 84
33 110
77 82
116 92
169 80
84 160
7 31
108 194
233 101
93 42
190 228
50 21
26 236
153 36
45 173
179 200
193 199
155 73
199 15
198 122
229 75
57 81
99 181
21 93
86 134
167 127
168 201
148 117
109 210
78 208
93 74
176 187
211 88
183 58
219 51
212 181
90 205
199 167
233 11
206 0
28 159
103 111
48 196
107 207
125 58
139 0
100 102
