12 4
79 91
125 2
76 230
18 20
137 217
228 119
0 242
33 53
61 37
112 136
9 193
99 41
130 207
117 102
110 61
73 86
206 151
134 57
223 67
51 123
175 38
61 90
239 71
170 175
48 157
166 10
136 158
48 194
150 211
40 64
153 152
47 241
75 156
168 133
202 121
145 85
63 34
107 138
59 5
195 154
201 31
95 113
159 152
201 96
234 149
155 94
12 164
178 69
74 72
63 87
125 2
47 146
175 81
192 48
59 185
191 81
141 2
220 97
20 224
0 241
84 226
121 6
17 88
106 192
16 229
46 142
61 81
117 82
57 77
8 207
236 27
88 32
14 55
191 166
188 34
141 27
150 65
127 20
139 174
117 8
53 200
54 118
90 242
118 22
122 96
169 204
22 154
164 213
103 63
217 79
98 147
203 21
46 13
115 46
134 152
43 129
243 152
52 5
153 42
126 1
140 68
192 33
55 35
167 121
93 97
35 104
236 69
204 235
67 51
151 104
245 240
105 67
178 165
192 217
136 116
164 202
179 27
193 201
73 119
170 229
81 204
207 160
14 232
159 69
120 80
48 143
81 105
81 137
201 232
65 205
5 78
31 133
184 226
3 141
237 63
26 62
20 153
84 48
182 90
16 56
238 99
242 179
40 117
206 83
57 103
15 157
113 123
245 158
39 42
11 220
238 242
216 228
122 9
136 110
177 33
23 224
110 54
23 91
170 96
33 69
233 71
58 88
145 143
195 116
219 93
183 160
226 38
223 15
128 112
57 156
187 26
78 196
157 243
17 110
215 98
228 184
141 153
147 139
29 150
139 205
151 21
213 173
177 99
189 231
144 13
8 43
90 158
56 168
3 127
9 124
0 21
232 25
182 130
135 122
53 116
52 136
68 49
140 124
13 58
18 127
55 220
132 85
50 157
87 92
222 47
186 133
218 168
204 134
72 201
30 200
8 123
8 35
243 159
149 234
184 146
53 207
38 143
68 63
4 209
172 48
126 237
7 61
30 42
236 23
63 11
74 110
101 242
167 147
224 14
95 63
125 123
140 209
17 21
128 86
3 34
191 59
206 181
209 28
121 229
1 233
46 134
238 116
54 34
36 66
58 17
60 211
128 183
129 116
95 61
118 99
113 33
84 16
38 33
197 40
31 155
28 157
91 1
161 53
22 152
50 115
216 221
19 121
49 120
162 172
123 227
202 70
47 75
55 108
57 31
203 99
210 86
203 136
101 57
98 214
18 58
123 182
94 45
180 122
225 182
124 82
166 169
173 237
194 226
21 192
112 221
132 191
168 244
4 38
189 207
104 51
43 144
36 238
157 39
19 174
81 230
212 75
65 229
171 51
213 37
189 166
181 57
41 23
70 53
36 231
122 169
38 80
89 236
2 199
131 208
35 64
7 69
99 111
212 158
9 200
66 135
211 101
59 36
237 223
5 131
99 172
88 143
80 159
113 73
155 47
128 79
119 52
234 218
73 176
24 31
28 245
169 196
41 103
223 18
133 69
66 38
64 131
159 2
119 23
99 2
130 27
91 236
187 100
54 67
145 72
43 35
38 10
229 206
152 160
70 71
233 128
55 160
161 67
165 138
160 189
134 232
33 185
43 213
77 19
82 206
139 217
215 140
100 191
233 159
22 207
216 47
36 131
159 116
173 172
126 115
222 178
88 8
148 177
93 43
75 44
35 16
167 43
83 2
70 150
224 157
135 195
224 200
43 210
57 89
14 72
71 62
67 14
238 178
198 40
136 42
18 95
125 147
33 185
57 41
201 32
144 171
235 73
191 164
105 87
155 92
168 39
34 166
93 229
207 138
203 15
2 230
9 48
104 64
118 106
134 88
84 240
123 63
208 107
81 82
4 33
2 167
1 39
55 183
171 213
200 228
109 140
100 58
157 234
186 76
166 18
223 209
126 80
48 195
6 19
73 153
24 227
168 66
46 72
211 63
40 12
103 224
227 196
241 28
194 243
9 225
101 112
159 115
115 80
161 159
25 80
87 225
22 140
97 121
122 2
120 7
68 143
228 245
44 82
190 37
233 108
217 152
69 195
38 6
164 240
234 93
198 41
164 169
46 99
234 78
186 130
116 124
85 148
95 106
125 155
36 161
74 124
53 38
198 9
171 53
227 140
131 223
71 239
136 10
0 210
49 22
50 211
99 100
77 64
27 167
124 71
244 173
193 13
185 29
190 160
165 109
152 154
28 116
69 57
163 66
68 193
52 215
136 85
135 136
45 99
24 132
164 183
